%YAML:1.0
---

K1: !!opencv-matrix
   rows: 3
   cols: 3
   dt: d
   data: [ 8.2991157068832945e+02, 0., 3.0131531291172229e+02, 0.,
       8.2923303701444183e+02, 2.4271531046486203e+02, 0., 0., 1. ]
D1: !!opencv-matrix
   rows: 1
   cols: 14
   dt: d
   data: [ 1.7589376859507597e-02, 1.2508649690084575e-01, 0., 0., 0.,
       0., 0., 1.5196737976779711e+00, 0., 0., 0., 0., 0., 0. ]
K2: !!opencv-matrix
   rows: 3
   cols: 3
   dt: d
   data: [ 8.2991157068832945e+02, 0., 3.2534740292188224e+02, 0.,
       8.2923303701444183e+02, 2.1986241907413009e+02, 0., 0., 1. ]
D2: !!opencv-matrix
   rows: 1
   cols: 14
   dt: d
   data: [ -5.3729865533358239e-03, -1.0088251100911935e-01, 0., 0., 0.,
       0., 0., -3.1506610471143026e-01, 0., 0., 0., 0., 0., 0. ]

R: !!opencv-matrix
   rows: 3
   cols: 3
   dt: d
   data: [ 9.9994516170706060e-01, 9.9644949905231261e-03,
       -3.2221760076375713e-03, -1.0020154586020100e-02,
       9.9979232322385736e-01, -1.7745617056452109e-02,
       3.0446807242494245e-03, 1.7776930618805465e-02,
       9.9983734209973452e-01 ]

T: [ -8.2319301608977394e-02, 1.4875491824141687e-03,
       -6.0992598390287693e-03 ]
       
R1: !!opencv-matrix
   rows: 3
   cols: 3
   dt: d
   data: [ 9.9745528967371089e-01, -6.7654436412273424e-03,
       7.0973050337933524e-02, 7.3833102541697978e-03,
       9.9993706611715971e-01, -8.4469245703751670e-03,
       -7.0911436536176223e-02, 8.9494456445253327e-03,
       9.9744246730878239e-01 ]
R2: !!opencv-matrix
   rows: 3
   cols: 3
   dt: d
   data: [ 9.9710448903908255e-01, -1.8018155383497800e-02,
       7.3878170082143660e-02, 1.7373990729887254e-02,
       9.9980531638955028e-01, 9.3527410585810631e-03,
       -7.4032306354913854e-02, -8.0421014521831150e-03,
       9.9722341640176337e-01 ]
P1: !!opencv-matrix
   rows: 3
   cols: 4
   dt: d
   data: [ 7.2873167949993967e+02, 0., 2.4351783561706543e+02, 0., 0.,
       7.2873167949993967e+02, 2.3083973884582520e+02, 0., 0., 0., 1.,
       0. ]
P2: !!opencv-matrix
   rows: 3
   cols: 4
   dt: d
   data: [ 7.2873167949993967e+02, 0., 2.4351783561706543e+02,
       -6.0162885210339134e+01, 0., 7.2873167949993967e+02,
       2.3083973884582520e+02, 0., 0., 0., 1., 0. ]
Q: !!opencv-matrix
   rows: 4
   cols: 4
   dt: d
   data: [ 1., 0., 0., -2.4351783561706543e+02, 0., 1., 0.,
       -2.3083973884582520e+02, 0., 0., 0., 7.2873167949993967e+02, 0.,
       0., 1.2112645145793397e+01, 0. ]

#max_x: 752
#min_x: 0
#max_y: 480
#min_y: 0

#max_x: 680
#min_x: 72
#max_y: 480
#min_y: 0

max_x: 680
min_x: 72
max_y: 480
min_y: 120
