%YAML:1.0
---
K1: !!opencv-matrix
   rows: 3
   cols: 3
   dt: d
   data: [ 8.2190977610072900e+02, 0., 3.1592283920640347e+02, 0.,
       8.2348938230066960e+02, 2.4090562844004100e+02, 0., 0., 1. ]
D1: !!opencv-matrix
   rows: 1
   cols: 14
   dt: d
   data: [ -8.3888381541425069e-03, 6.6463299338742687e-01, 0., 0., 0.,
       0., 0., 3.5075802380895973e+00, 0., 0., 0., 0., 0., 0. ]
K2: !!opencv-matrix
   rows: 3
   cols: 3
   dt: d
   data: [ 8.2190977610072900e+02, 0., 3.2415990683448496e+02, 0.,
       8.2348938230066960e+02, 2.3338803683486142e+02, 0., 0., 1. ]
D2: !!opencv-matrix
   rows: 1
   cols: 14
   dt: d
   data: [ -1.7491130832226694e-02, 5.3086722962556732e-01, 0., 0., 0.,
       0., 0., 2.8195002425203564e+00, 0., 0., 0., 0., 0., 0. ]
       
R: !!opencv-matrix
   rows: 3
   cols: 3
   dt: d
   data: [ 9.9986600619813071e-01, 1.0058118009469352e-02,
       1.2915258863344452e-02, -9.6099802741647800e-03,
       9.9936525111898655e-01, -3.4303689816333097e-02,
       -1.3252091477565833e-02, 3.4174977951603999e-02,
       9.9932800068519934e-01 ]
T: !!opencv-matrix
   rows: 3
   cols: 1
   dt: d
   data: [ -8.1029176280055438e+01, 4.6172602565628756e-01,
       -5.0832997437552301e+00 ]
R1: !!opencv-matrix
   rows: 3
   cols: 3
   dt: d
   data: [ 9.9711306914163689e-01, 6.4945332029008700e-03,
       7.5652814788490327e-02, -5.2108452586019111e-03,
       9.9983929455999743e-01, -1.7153196362703117e-02,
       -7.5752058972915773e-02, 1.6709461159563576e-02,
       9.9698666965467553e-01 ]
R2: !!opencv-matrix
   rows: 3
   cols: 3
   dt: d
   data: [ 9.9802186063871423e-01, -5.6869968125818366e-03,
       6.2610093072063874e-02, 4.6248166061958525e-03,
       9.9984314173411393e-01, 1.7096871018275686e-02,
       -6.2697502012423675e-02, -1.6773490826604461e-02,
       9.9789161397763637e-01 ]
P1: !!opencv-matrix
   rows: 3
   cols: 4
   dt: d
   data: [ 7.2182791531362750e+02, 0., 2.5410379028320313e+02, 0., 0.,
       7.2182791531362750e+02, 2.3707018661499023e+02, 0., 0., 0., 1.,
       0. ]
P2: !!opencv-matrix
   rows: 3
   cols: 4
   dt: d
   data: [ 7.2182791531362750e+02, 0., 2.5410379028320313e+02,
       -5.8605050350681653e+04, 0., 7.2182791531362750e+02,
       2.3707018661499023e+02, 0., 0., 0., 1., 0. ]
Q: !!opencv-matrix
   rows: 4
   cols: 4
   dt: d
   data: [ 1., 0., 0., -2.5410379028320313e+02, 0., 1., 0.,
       -2.3707018661499023e+02, 0., 0., 0., 7.2182791531362750e+02, 0.,
       0., 1.2316821007649414e-02, 0. ]


#max_x: 752
#min_x: 0
#max_y: 480
#min_y: 0

#max_x: 680
#min_x: 72
#max_y: 480
#min_y: 0

max_x: 680
min_x: 72
max_y: 480
min_y: 120