%YAML:1.0
---
K1: !!opencv-matrix
   rows: 3
   cols: 3
   dt: d
   data: [ 8.2190977610072900e+02, 0., 3.1592283920640347e+02, 0.,
       8.2348938230066960e+02, 2.4090562844004100e+02, 0., 0., 1. ]

K2: !!opencv-matrix
   rows: 3
   cols: 3
   dt: d
   data: [ 8.2190977610072900e+02, 0., 3.2415990683448496e+02, 0.,
       8.2348938230066960e+02, 2.3338803683486142e+02, 0., 0., 1. ]

D1: !!opencv-matrix
   rows: 1
   cols: 14
   dt: d
   data: [ -8.3888381541425069e-03, 6.6463299338742687e-01, 0., 0., 0.,
       0., 0., 3.5075802380895973e+00, 0., 0., 0., 0., 0., 0. ]

D2: !!opencv-matrix
   rows: 1
   cols: 14
   dt: d
   data: [ -1.7491130832226694e-02, 5.3086722962556732e-01, 0., 0., 0.,
       0., 0., 2.8195002425203564e+00, 0., 0., 0., 0., 0., 0. ]


R: !!opencv-matrix
   rows: 3
   cols: 3
   dt: d
   data: [ 9.9986600619813071e-01, 1.0058118009469352e-02,
       1.2915258863344452e-02, -9.6099802741647800e-03,
       9.9936525111898655e-01, -3.4303689816333097e-02,
       -1.3252091477565833e-02, 3.4174977951603999e-02,
       9.9932800068519934e-01 ]


T: [ -8.2319301608977394e-02, 1.4875491824141687e-03,
       -6.0992598390287693e-03 ]
       


Q: !!opencv-matrix
   rows: 4
   cols: 4
   dt: d
   data:
      [
         1.,
         0.,
         0.,
         -4.6212606811523438e+02,
         0.,
         1.,
         0.,
         -2.4983502769470215e+02,
         0.,
         0.,
         0.,
         3.3469690512577847e+02,
         0.,
         0.,
         8.6622531226148229e+00,
         0.
      ]

#max_x: 752
#min_x: 0
#max_y: 480
#min_y: 0

#max_x: 680
#min_x: 72
#max_y: 480
#min_y: 0

max_x: 680
min_x: 72
max_y: 480
min_y: 120
